0.239
0.238
-0.112
0.087
0.356
0.183
-0.164
0.194
-0.06
0.241
-0.643
-0.703
-0.413
0.089
-0.225
0.063
0.334
0.376
0.244
0.594
0.627
0.468
0.776
0.789
0.837
0.74
0.826
0.481
0.347
0.271
0.214
0.515
0.409
0.588
0.498
0.202
0.51
0.379
0.398
0.472
0.547
0.901
0.641
0.304
0.326
0.062
0.391
0.591
0.524
0.475
0.182
0.048
-0.117
0.339
0.059
0.299
0.262
0.148
0.702
0.605
0.629
0.006
-0.047
-0.054
0.248
-0.126
-0.03
-0.322
-0.575
-0.495
-0.08
-0.439
-0.041
-0.119
0.45
-0.29
0.157
0.54
0.733
0.604
0.651
0.824
0.789
0.389
0.818
0.895
1.106
0.938
0.929
1.006
1.038
0.872
0.708
0.902
0.119
0.325
0.481
0.632
0.644
0.647
0.736
0.699
0.808
0.556
0.724
0.877
1.166
1.052
1.113
0.916
0.909
0.758
1.047
-0.108
-0.491
-0.462
-0.395
-0.36
-0.091
0.178
0.202
-0.088
-0.347
0.174
0.102
0.192
0.453
0.597
0.763
0.498
0.957
1.18
1.137
1.088
1.205
1.396
0.878
0.78
1.203
0.845
1.025
-0.978
-1.362
0.264
0.86
-1.378
0.657
0.353
0.779
-2.273
-2.542
-1.426
-1.078
-1.751
-1.657
-2.446
-1.98
-1.739
-1.67
-2.212
-2.83
-1.874
-0.77
-0.151
-0.198
0.3
0.622
0.592
0.874
0.929
1.123
1.026
0.409
1.195
1.24
1.129
1.075
1.292
0.68
1.087
0.742
1.125
1.149
0.028
0.704
0.832
0.937
0.149
0.688
0.5
0.641
0.935
0.768
0.425
0.61
0.198
0.048
0.215
-0.939
0.021
-0.377
0.099
0.235
-0.381
-0.619
0.058
-0.317
-0.113
-0.505
-1.068
-2.449
-1.173
-0.374
0.104
-0.156
0.265
0.424
0.436
0.549
0.519
0.754
0.848
-0.281
-2.219
-0.657
0.547
0.277
0.946
0.493
0.062
-0.09
-1.162
-2.024
-1.6
-0.923
-0.843
-0.674
-0.025
-0.05
0.039
0.357
0.438
-0.585
-1.963
-2.078
-1.306
-0.932
-0.571
-0.72
-0.238
0.493
0.752
0.141
0.37
-0.975
-0.08
0.318
0.524
-0.4
0.19
0.243
0.349
0.882
0.284
-0.078
1.084
1.17
0.607
0.447
-0.203
0.506
-0.359
0.026
0.031
-0.282
-0.636
-0.052
-0.55
-0.783
-0.943
-0.42
-0.856
-0.786
-0.865
-0.612
-0.928
-0.495
-0.068
0.097
-1.298
-0.423
-0.597
0.021
0.656
0.084
0.312
0.216
0.818
0.873
0.937
0.473
0.731
0.069
-0.802
-1.653
-2.439
-1.399
-2.508
-0.232
-2.461
-1.634
-0.486
-0.609
-0.176
0.18
0.119
0.509
0.582
0.499
0.307
0.052
0.308
0.617
0.792
1.136
0.318
-2.271
-0.474
0.065
-2.422
-0.225
0.235
0.233
0.166
-0.304
-0.337
0.025
0.351
0.573
0.362
0.302
0.129
0.734
0.938
0.443
0.823
0.89
0.585
0.51
0.415
0.417
0.071
0.296
0.632
-0.75
-0.555
0.149
-0.646
-0.241
1.004
1.045
-0.492
0.117
0.618
0.307
0.871
0.757
0.5
0.052
0.945
1.904
0.369
0.607
0.84
0.887
1.045
0.785
1.104
0.859
0.28
-0.21
0.375
0.642
0.804
0.829
0.281
0.739
1.131
0.776
0.84
0.862
0.418
0.68
0.615
0.874
-0.373
0.321
0.727
0.825
0.597
0.145
-0.741
-0.175
0.278
0.658
-0.281
0.098
-0.042
-0.358
-1.76
-1.481
-0.522
0.012
0.35
0.027
-0.598
-0.345
-0.048
-0.327
-1.901
-0.516
0.202
0.167
-1.46
-1.197
-1.368
-0.898
-0.689
-0.892
-1.664
-2.081
-2.29
-1.723
-0.878
-0.434
-0.112
-0.31
-0.291
-1.056
-0.711
-0.052
-0.814
-0.658
-0.32
0.026
0.566
0.239
-0.529
-0.187
0.315
0.685
0.787
0.781
0.763
0.77
0.763
0.444
0.693
0.457
0.339
-1.13
-1.995
-1.402
-1.468
-1.86
-0.868
-0.288
-0.881
-0.64
-0.657
-0.546
-2.16
-1.288
-0.609
0.011
-0.277
-1.465
-1.294
-1.057
-2.067
-2.11
-1.466
-2.202
-2.371
-1.409
0.125
0.282
0.078
-0.229
0.246
-0.15
-0.022
0.499
0.562
0.384
0.688
0.38
0.628
0.526
0.413
0.546
-0.038
-1.975
-0.881
-0.524
-0.103
-0.146
-1.146
-0.69
0.195
-0.235
0.514
0.74
-0.376
0.722
0.698
0.844
1.102
0.951
0.892
0.747
0.793
0.418
-0.348
-1.671
-1.029
0.027
0.661
-1.78
-0.794
-0.536
0.13
0.242
0.391
-1.728
-2.394
-0.501
-1.751
-1.06
-1.751
-2.575
-0.902
-0.502
-0.986
-0.18
0.33
0.238
-0.079
0.335
0.481
-1.423
-0.521
-0.124
-0.295
-0.597
-1.918
-2.522
-1.766
-1.245
-0.911
-0.417
-0.543
-2.141
-1.436
-0.384
-0.165
0.214
0.427
-0.277
-1.036
-0.906
0.149
0.4
0.223
0.472
-0.196
0.284
0.063
0.015
-0.124
-0.422
-1.557
-1.901
-2.299
-2.305
-1.39
-0.9
-1.881
-2.005
-1.079
-1.835
-2.13
-1.952
-2.099
-1.87
-0.19
-1.113
-0.508
-0.338
-1.009
0.181
-0.112
0.265
0.936
0.843
0.155
-0.357
-1.257
-0.417
0.039
0.28
0.189
-0.332
-1.051
-2.036
-0.907
-1.07
-1.077
-0.963
-1.578
-2.331
-2.737
-1.492
-1.073
-0.884
-1.822
-1.317
-2.173
-1.779
-1.971
-1.022
-1.219
-1.518
-1.581
-1.846
-0.777
-0.166
0.468
0.387
0.262
0.328
0.353
0.155
0.322
-0.655
-2.643
-1.63
-0.539
-1.034
-0.907
-0.807
-0.365
-0.999
-1.04
-1.313
-2.003
-2.493
-2.382
-1.803
-0.793
-0.425
0.12
0.0
0.194
0.217
-0.467
-0.034
-0.184
0.503
0.109
0.705
-0.087
0.475
0.627
-0.08
0.199
0.4
0.46
-0.425
-0.161
0.23
0.423
0.485
0.522
0.238
-0.293
-0.534
-0.465
-0.272
-0.109
0.442
0.552
-0.273
-0.482
-1.953
-0.202
-0.394
0.318
0.175
0.06
-0.59
-0.619
-0.781
-0.14
-0.468
-0.107
0.128
0.453
0.371
0.251
0.305
0.25
0.221
-0.011
0.232
0.25
0.386
0.161
-0.275
0.164
0.399
0.196
0.222
-0.02
0.32
-0.242
0.019
0.229
0.118
-0.87
-0.382
-0.254
-0.061
-0.042
-0.029
0.026
-0.036
-0.109
-0.485
-0.617
-0.466
-1.188
-0.155
0.438
0.442
-0.205
-0.623
-1.195
-0.497
-0.201
0.072
-0.173
0.096
-0.544
-2.197
-1.806
-0.731
0.062
-0.011
0.351
0.093
-0.268
-0.214
-0.005
0.132
0.076
-0.677
-1.332
-0.338
-0.432
0.04
-0.011
-0.433
-0.253
-0.278
-2.029
-2.289
-1.632
-0.257
-0.155
-0.349
0.223
0.289
0.414
0.124
-0.514
-0.683
-0.26
-0.919
-2.177
-1.437
-1.186
-1.109
-1.835
-2.194
-1.811
-2.108
-2.417
-1.346
-0.4
0.032
0.139
0.312
0.206
0.147
-0.809
-0.756
-0.219
-0.114
-0.453
-1.583
-1.164
-0.187
0.14
0.533
0.409
0.173
0.439
0.649
0.837
0.62
0.328
0.589
0.632
0.814
0.065
0.316
0.342
0.392
0.297
0.241
0.134
0.383
0.351
0.139
0.522
-0.095
0.19
0.135
-0.099
0.33
0.472
0.612
0.016
-0.444
-0.099
-0.658
-2.091
-2.472
-1.236
-1.521
-2.362
-2.54
-0.995
-0.124
-0.381
0.085
0.276
0.223
0.234
-0.897
-0.813
-0.145
-0.101
-0.318
-0.199
-0.592
-0.039
0.017
-0.842
-1.936
-1.008
0.328
0.171
0.191
0.472
0.796
0.154
-1.323
-0.547
-0.145
-1.289
-0.351
0.062
-0.065
0.068
0.016
0.007
0.205
0.263
0.119
-0.067
0.351
-0.019
0.01
-0.38
-0.017
0.146
-1.398
-2.276
-2.352
-0.967
-1.358
-0.489
-0.429
0.095
-0.119
0.083
-0.191
0.001
-0.009
0.079
-0.933
-0.494
-0.504
-1.189
-2.231
-0.934
-0.271
-0.861
-0.575
-1.676
-2.249
-1.348
-0.373
-0.382
-0.043
-0.492
-0.483
-0.393
-0.131
0.068
0.07
-1.232
-0.473
0.095
0.054
0.208
-0.24
-0.447
-0.529
-0.905
-0.562
-0.401
-0.383
-0.614
-0.197
-0.288
0.233
0.788
0.726
0.751
0.589
0.756
0.456
0.039
-0.021
0.119
-0.661
0.168
0.019
0.115
0.432
0.429
-1.401
-1.677
-0.164
-1.231
-1.278
-0.61
-1.098
-0.768
-0.313
-0.224
-0.262
-0.676
-0.945
-0.587
-1.815
-2.275
-1.673
-0.385
0.222
-0.055
0.201
0.279
0.463
0.383
-0.192
-1.344
-0.155
0.262
0.171
0.093
-0.831
-0.373
-0.392
0.117
0.409
0.045
0.443
0.288
0.333
-0.129
-0.504
-0.339
-0.454
-0.151
0.036
0.365
0.115
0.394
0.778
1.12
0.739
0.92
1.003
-0.431
0.632
0.443
0.531
0.259
0.072
0.471
0.106
-0.169
-0.441
-0.209
-2.398
-1.539
-0.295
-0.191
0.245
0.217
0.569
-0.748
-2.32
-0.857
-1.592
-1.639
-0.601
0.272
0.52
0.399
0.318
-0.428
0.01
0.292
0.221
0.178
0.359
0.671
0.269
-0.19
0.246
-0.935
0.059
0.144
0.013
-0.564
0.437
0.49
0.197
-0.58
-1.006
0.405
0.885
-0.229
-0.411
0.173
0.509
0.617
0.395
-0.4
-0.182
-0.133
-0.156
-1.641
-0.326
-0.355
0.27
0.03
-0.444
-1.07
-0.278
0.532
0.602
0.444
0.79
1.154
-0.187
0.291
-0.425
0.161
-0.473
0.808
0.48
-0.472
0.197
0.297
0.168
0.319
-0.223
0.76
1.259
-0.027
-0.535
-0.744
-0.887
-0.485
-0.564
-0.034
0.01
0.112
0.105
0.167
-0.415
0.191
0.072
-0.218
0.29
0.006
0.529
0.116
0.712
-0.26
-0.517
-0.039
-0.021
0.089
-0.258
-0.525
-0.111
0.338
0.273
0.71
0.632
0.393
0.777
0.782
1.142
0.627
0.706
-0.927
0.047
-0.571
-0.216
0.22
0.383
-0.126
-0.621
-1.496
-0.673
0.163
0.008
0.251
0.512
-0.136
-0.122
0.082
0.291
-0.041
0.445
0.191
1.184
1.043
0.987
1.024
-0.167
-0.387
-0.399
-0.158
-0.386
0.249
0.683
1.025
1.145
1.129
1.023
0.397
0.942
0.952
0.679
0.497
0.535
0.242
0.384
0.461
-0.336
-0.045
0.194
-0.328
-0.357
-0.491
-0.185
-0.674
-0.265
-0.01
0.149
0.064
-0.291
-0.167
0.076
-0.417
-1.292
-1.527
-1.045
-0.82
-0.374
-0.387
-0.422
-0.355
-0.504
-0.433
-0.133
0.122
0.394
-0.002
-0.072
-0.095
-0.268
-0.17
-0.517
0.372
0.518
0.456
0.479
0.476
0.239
0.495
0.392
0.594
0.754
0.364
0.392
0.385
0.268
-0.234
-0.304
0.005
-0.38
-0.194
-0.108
-1.285
-1.354
-1.967
-2.076
-2.004
-2.285
-1.804
-0.6
0.078
0.19
0.461
0.229
0.444
0.641
0.694
0.395
0.133
0.28
0.127
0.269
-0.223
-0.154
0.277
0.233
0.101
-0.624
-0.263
-0.059
0.545
0.451
0.467
0.606
0.398
0.31
0.603
0.483
0.145
-0.163
0.157
-0.587
-0.235
-0.437
-0.299
-0.831
-0.589
-0.609
-0.943
-0.425
-1.484
-2.008
-1.491
-1.979
-1.608
-1.47
-2.344
-2.408
-2.513
-2.861
-1.906
-1.088
-0.328
-1.653
-0.875
-1.67
-1.915
-0.828
-2.247
-1.471
-0.868
-0.015
-0.449
-0.919
-0.717
-1.47
-1.346
-1.105
-0.742
-0.887
-0.61
-0.277
-0.235
-0.331
0.072
0.402
0.562
-0.017
-0.073
-0.242
-0.348
-0.113
-0.237
-1.734
-2.033
-1.009
-0.408
-0.557
-0.471
0.118
0.163
0.189
0.385
0.229
-0.719
-1.342
-0.455
-0.092
-1.007
-0.969
-1.199
-1.99
-2.092
-1.22
-1.299
-1.135
-0.921
-0.669
-0.257
-0.037
-0.605
-0.713
-1.33
-0.771
-1.087
-0.198
-0.235
-0.657
-0.039
-1.166
-0.24
0.203
-1.013
-1.044
-0.704
-0.284
-0.756
-1.587
-1.031
-0.651
-0.795
-0.968
-0.568
-1.633
-1.967
-2.439
-0.887
-0.395
0.112
0.52
-0.111
-1.285
-2.367
-2.202
-2.619
-1.617
-1.557
-1.277
-1.499
-1.119
-1.924
-1.203
-2.023
-1.555
-0.454
0.08
-0.187
-0.462
0.002
-0.809
-0.364
-0.399
-0.741
-1.098
-1.329
-2.433
-2.193
-2.252
-2.173
-1.768
-1.16
-1.055
-0.688
-1.055
-0.807
-0.256
-0.105
-1.349
-1.419
-1.753
-2.126
-1.206
-1.606
-2.133
-1.714
-2.071
-2.2
-2.138
-1.919
-1.493
-1.847
-2.095
-1.929
-1.208
-0.793
-0.707
-1.005
-1.749
-0.511
-0.299
-0.133
0.002
-0.391
0.206
0.481
-0.179
0.308
0.637
0.476
0.991
1.113
1.037
0.576
0.632
-0.549
0.128
-0.647
0.285
-0.305
-0.149
0.337
0.701
0.445
-0.123
-0.234
-0.928
-0.389
0.308
-0.135
0.069
-0.158
0.139
0.543
0.473
0.387
0.55
0.385
0.537
0.168
0.55
0.589
0.442
-0.956
-1.51
-1.83
-0.807
-1.012
-0.66
0.255
0.205
0.151
0.315
0.187
0.919
0.792
0.242
0.817
0.346
0.417
0.573
0.854
0.627
0.294
0.543
-0.649
-0.138
0.367
0.448
0.249
0.235
0.052
0.166
0.09
0.282
0.02
0.552
0.754
-0.482
0.27
-1.295
-0.546
0.178
0.461
0.567
0.724
0.58
-0.171
0.184
0.793
0.892
0.507
-0.429
-0.94
-1.974
-2.176
-0.628
0.513
0.582
-1.106
-2.409
-1.793
-0.823
-0.625
-0.696
-0.492
-0.632
-0.362
0.296
0.131
0.27
0.244
0.193
0.512
0.191
0.448
0.696
0.774
0.758
1.04
1.073
1.011
-0.227
-0.196
0.098
-1.46
-2.003
-2.7
-2.8
-1.01
0.025
0.493
0.563
0.526
0.762
0.651
0.649
0.628
0.751
0.651
0.111
-0.157
-1.36
-1.733
-2.029
-1.94
-1.303
-1.002
-0.952
-1.878
-1.13
-0.222
0.269
0.761
0.521
0.089
0.114
-0.145
-0.203
-0.154
0.355
0.263
0.467
0.038
-0.663
0.494
0.709
1.061
1.217
1.327
1.241
1.22
1.158
1.445
1.362
1.411
1.419
1.522
1.378
1.424
1.465
1.715
1.628
1.641
1.717
1.719
1.283
1.629
1.477
1.26
1.339
1.353
1.461
1.497
1.819
1.645
1.962
1.71
1.053
-0.18
-1.912
-2.451
-2.216
-2.47
0.036
0.719
0.738
0.312
0.61
0.769
0.734
0.854
0.319
0.193
0.028
0.061
0.498
-0.394
-0.499
0.075
0.647
0.756
0.447
0.504
0.519
0.944
1.067
1.341
1.285
0.525
1.042
1.486
1.368
1.077
0.848
0.797
1.091
0.94
1.068
1.164
1.205
1.278
1.333
1.379
0.625
0.698
1.219
-1.535
-1.457
-1.283
-0.318
-0.781
0.25
0.457
0.163
0.946
1.019
1.352
1.48
1.501
1.144
0.471
0.556
-0.787
-1.685
-2.487
-2.272
-0.153
-2.149
-2.097
-0.821
-0.515
-1.726
-2.556
-2.182
-1.224
-0.717
-0.065
-0.067
-0.351
-0.848
-0.976
-0.172
0.414
0.708
0.954
0.841
0.925
0.823
0.978
0.256
0.456
-0.372
0.251
0.357
0.114
0.473
0.931
1.019
0.339
1.09
0.795
0.964
0.159
0.21
0.214
0.201
0.115
-1.352
-1.004
-1.961
-2.321
-1.272
-0.871
-0.466
-2.355
-0.943
-1.084
-2.375
-0.402
-0.024
-0.367
-0.267
-0.95
-0.953
0.103
-0.937
-1.336
-2.109
-1.521
-1.821
-0.483
-2.601
-0.863
-1.977
-1.726
-0.052
1.177
1.321
1.3
1.129
0.836
-0.358
-1.26
-0.599
0.426
0.817
0.761
-1.354
-0.463
0.39
0.764
1.097
1.063
1.09
1.266
0.976
1.237
1.013
0.933
0.993
0.964
-0.682
-0.233
0.458
1.17
0.433
-0.659
-2.822
-1.018
-0.1
-0.772
0.691
0.862
0.497
-0.111
-0.096
-0.117
-0.714
0.167
0.692
0.831
0.343
0.55
0.742
0.76
0.446
-0.823
-0.485
-1.57
-2.344
-2.408
-0.838
-2.114
-0.611
0.458
0.905
0.823
0.386
0.427
-0.216
0.433
0.74
0.326
-1.292
-0.495
0.064
-0.221
-2.599
-0.74
-1.501
-0.372
0.471
1.282
0.937
0.629
-1.295
-0.574
0.507
0.025
-2.269
-0.237
-0.487
-1.095
0.346
0.51
-1.848
-1.6
-2.497
-2.215
-0.891
-1.026
-0.664
-0.613
-0.593
-0.44
-0.507
-0.109
-0.671
0.267
0.094
0.394
0.395
0.025
-0.584
-0.024
-0.453
-1.513
-0.318
-0.51
-0.6
-0.062
-0.889
-0.527
-0.032
0.8
0.844
0.868
0.623
0.875
0.156
-0.166
-0.074
-0.439
-0.421
0.063
0.205
0.186
-0.497
-0.243
-1.767
-2.443
-2.336
-2.398
-2.296
